0111221210021212201201323330200
1131011210301210323130331302310
3300200323203011010332232320332
2330312230220302032203223112310
1211020213223110101302032332212
1112222331300131013312312223130
1110120222130303102210113130100
0020320223200020113011131202302
3213100301021111202122030110112
1200320130030313001031302312110
0310130300203000312021011212020
3131210323320222322212332031120
2021033213003230103112331130222
1013300313133312220131222100010
1231322020123133221023110302002
3322231133223020311032001102310
2323101332332011010132023031132
2200112102133112231003320012120
2130210032120230313010200102112
2311003320123302322223032120112
0201320233130133202333323012120
1003010311132003122332112221132
2032100103021312110202200332310
3211202310233321202022122021022
1200330103010322222131033003000
1121200200313110310030131100332
0012021023310003332301123031222
0120302110232113312232012023020
2303222021330232031311210131312
0101112200130031003120203121102
2012100113233120321011002012220
0010322001332202013202312122110
0213000131303132112301110130112
1222303101032032301032210302110
1220131300113200003021222120012
1333010013001231321110022323022
3021223221133030131221100102210
2013320130211320203021000311312
0303003010033021320232203222020
2030233001202311110121110133220
1001011011001101100000010100100